+5491154226363
+5491142342353
+5491154226363
+5491142342353
+5491154226363
+5491142342353
+5491154226363
+5491142342353
+5491154226363
+5491142342353
+5491154226363
+5491142342353
+5491154226363
+5491142342353
+5491154226363
+5491142342353
+5491154226363
+5491142342353
+5491154226363
+5491142342353
+5491154226363
+5491142342353
+5491154226363
+5491142342353
+5491154226363
+5491142342353
+5491154226363
+5491142342353
+5491154226363
+5491142342353
+5491154226363
+5491142342353
+5491154226363
+5491142342353
+5491154226363
+5491142342353
+5491154226363
+5491142342353
+5491154226363
+5491142342353
+5491154226363
+5491142342353
+5491154226363
+5491142342353
+5491154226363
+5491142342353
+5491154226363
+5491142342353
+5491154226363
+5491142342353
+5491154226363
+5491142342353
+5491154226363
+5491142342353
+5491154226363
+5491142342353
+5491154226363
+5491142342353
+5491154226363
+5491142342353
+5491154226363
+5491142342353
+5491154226363
+5491142342353
+5491154226363
+5491142342353
+5491154226363
+5491142342353
+5491154226363
+5491142342353
+5491154226363
+5491142342353
+5491154226363
+5491142342353
+5491154226363
+5491142342353
+5491154226363
+5491142342353
+5491154226363
+5491142342353
+5491154226363
+5491142342353
+5491154226363
+5491142342353
+5491154226363
+5491142342353
+5491154226363
+5491142342353
+5491154226363
+5491142342353
+5491154226363
+5491142342353
+5491154226363
+5491142342353
+5491154226363
+5491142342353
+5491154226363
+5491142342353
+5491154226363
+5491142342353
+5491154226363
+5491142342353
+5491154226363
+5491142342353
